704
701
773
467
385
780
349
67
868
473
761
968
935
995
221
303
971
893
303
347
756
258
308
424
92
855
47
476
922
868
356
743
643
342
133
491
667
676
530
506
648
578
404
110
670
81
446
979
634
322
740
495
123
140
989
970
747
304
10
604
924
241
484
208
612
885
79
348
727
346
899
791
828
150
755
500
765
219
738
976
806
310
339
907
138
942
844
159
138
888
809
304
124
923
586
599
824
851
703
23
720
892
647
934
177
126
472
755
171
218
936
329
38
805
581
250
114
401
469
446
253
507
491
381
574
900
178
801
721
829
386
248
642
485
932
27
294
258
120
36
620
707
808
415
977
599
993
540
307
581
452
248
741
763
228
532
124
521
599
567
142
708
785
567
864
690
978
311
28
49
172
316
851
834
895
971
857
721
728
93
248
320
488
567
472
794
520
704
736
506
422
361
673
4
322
667
737
408
433
547
857
512
882
177
276
612
239
675
339
478
968
998
745
826
183
353
150
41
778
684
221
605
352
942
160
871
330
602
669
200
948
811
355
541
732
255
620
469
559
233
958
797
526
650
230
863
300
84
59
701
894
194
780
955
531
204
636
636
653
900
176
907
926
644
555
705
747
963
700
795
266
976
19
360
638
751
344
251
777
487
849
541
115
640
594
612
235
388
905
679
859
657
550
810
103
373
43
580
595
408
502
128
709
778
555
316
981
351
90
623
22
188
32
975
888
977
539
338
245
861
574
949
881
642
669
677
497
337
705
737
297
75
571
977
444
827
192
524
521
132
914
795
324
900
937
477
50
883
847
344
50
755
34
989
109
876
916
712
498
214
589
888
770
166
524
409
744
582
836
393
590
204
948
125
353
960
744
36
111
66
689
653
311
858
160
240
972
833
310
997
422
805
109
453
279
434
414
998
244
711
286
923
935
9
327
718
910
579
301
532
842
615
1000
804
876
410
377
222
565
169
744
297
460
606
539
926
224
425
538
463
950
459
442
0
965
95
979
133
784
429
549
954
30
840
398
536
208
236
397
968
969
779
987
704
958
28
316
779
317
817
999
138
529
953
876
328
220
501
819
543
444
80
81
998
801
9
464
718
958
96
401
767
513
460
512
977
712
114
395
558
728
974
769
554
998
506
614
379
70
772
837
911
723
181
769
96
488
411
983
303
653
826
663
393
287
841
64
474
786
684
478
220
914
630
305
657
825
308
29
122
844
765
215
998
442
396
302
869
685
602
472
395
145
303
528
983
808
573
508
748
366
893
853
613
737
523
16
672
759
480
948
989
515
155
466
319
316
888
673
767
842
457
501
716
274
147
990
570
395
53
30
106
774
334
333
357
874
430
964
649
677
429
146
966
676
75
20
79
163
842
385
922
699
409
667
284
595
549
130
629
718
766
348
50
374
500
177
986
478
392
830
71
960
277
122
726
78
722
292
71
133
757
58
716
642
174
337
170
941
214
53
547
609
928
861
865
917
600
690
239
18
969
316
563
424
66
979
629
950
525
567
294
121
847
247
192
690
557
525
596
908
875
380
599
581
503
957
547
519
513
403
30
499
894
360
330
128
45
412
573
717
199
23
463
731
291
0
49
951
556
169
360
56
820
121
551
62
698
583
706
62
425
275
713
820
737
682
989
894
423
1000
238
393
718
552
654
410
423
735
357
977
834
476
394
290
268
148
712
719
406
815
613
358
601
686
290
724
205
627
80
955
691
617
221
822
385
581
277
9
446
573
352
362
522
275
675
165
236
186
316
753
113
390
326
219
188
968
352
647
835
366
823
854
887
265
982
887
87
664
764
745
381
828
302
746
250
150
160
533
142
350
222
122
343
226
313
389
333
13
365
736
871
234
587
809
963
880
866
130
67
491
973
588
455
5
356
623
324
398
739
886
132
937
566
790
610
260
138
660
406
950
631
148
221
152
906
117
317
735
559
342
243
321
930
119
781
610
134
300
538
49
171
100
682
181
543
708
235
917
482
664
689
982
44
171
771
697
27
427
292
22
472
249
281
985
288
840
760
213
36
661
29
633
860
956
2
242
173
439
37
14
161
184
148
736
445
388
177
720
306
263
218
477
0
489
514
480
35
515
130
664
234
467
97
971
543
284
727
160
555
754
757
747
296
729
515
861
168
280
186
247
301
349
916
234
887
936
597
496
193
811
911
690
648
281
239
26
951
298
613
236
255
565
18
875
169
949
262
112
420
449
266
230
890
690
474
409
739
788
496
748
449
800
16
76
292
38
631
249
53
717
921
534
266
479
337
655
679
446
813
